3
2249
259
6
3
4
3
4
145
28
5
42
3
27
7
145
5
5
12
10
56
9
13
31
338
36
74
37
67
36
64
14
801
3
195
4
213
1367
76
5
45
12
6
18
3
7
5
6
12
7
4
45
11
56
60
4
8
109
14
4
3
18
10
151
23
45
6
6
3
18
4
4
15
10
172
6
3
14
7
9
7
7
20
15
18
12
4
113
45
3
10
10
3
94
29
4
3
3
8
3
10
7
3
3
13
8
23
4
14
9
21
4
6
62
65
9
25
4
755
6
12
61
3
319
3
23
4
6
3
3
5
6
48
16
4
122
4
8
41
56
3
13
14
14
179
9
15
4
19
21
14
116
5
8
5
54
7
14
23
13
6
11
4
48
3
16
18
4
291
201
4
17
24
14
21
3
202
8
7
8
13
9
19
5
48
5
4
8
7
4
4
92
3
114
4
7
3
8
4
5
3
3
142
56
4
5
4
9
19
21
5
8
10
5
5
27
17
40
7
39
7
14
8
15
20
139
22
10
3
5
33
12
3
415
13
4
205
3
5
15
6
13
344
15
4
6
4
3
16
7
59
3
14
7
4
7
8
6
4
6
19
10
9
1580
8
16
13
8
18
10
15
11
5
15
3
10
69
6
65
4
3
10
14
4
8
7
6
5
4
11
14
9
15
9
5
13
13
4
12
5
5
7
4
3
4
3
5
6
4
13
6
45
7
3
15
13
3
5
4
11
14
48
4
12
11
8
12
13
10
8
7
8
286
3
25
25
4
20
8
14
16
4
3
13
23
12
14
10
47
144
15
3
16
4
3
14
23
3
31
11
4
3
20
3
8
14
10
12
24
11
12
12
11
12
6
3
3
4
69
16
75
7
3
6
9
10
14
15
12
27
6
118
14
42
118
12
27
4
3
4
28
6
14
33
382
21
3
50
19
6
16
13
26
27
11
7
26
6
75
10
6
3
18
5
10
11
10
7
25
3
52
3
14
59
26
11
29
24
14
18
5
3
55
99
3
7
13
77
3
7
3
65
3
61
13
41
257
39
9
11
11
7
9
41
15
3
4
3
8
6
9
6
3
5
10
3
5
11
58
5
66
6
13
4
14
3
12
60
122
14
3
161
12
22
9
20
12
3
17
5
5
4
5
6
14
23
4
49
3
3
10
427
8
10
5
34
17
33
3
3
4
18
6
11
3
12
14
4
11
9
8
8
3
10
8
11
20
11
11
8
3
6
3
6
6
7
10
5
5
3
6
7
10
15
5
11
4
4
8
15
3
3
6
6
3
4
5
3
24
8
26
8
14
269
3
3
6
5
3
3
6
13
34
8
6
11
4
4
43
3
9
494
3
14
191
3
128
32
4
5
3
5
3
8
17
18
188
4
3
155
4
10
5
34
4
13
8
12
13
5
9
6
5
9
12
6
5
6
8
10
16
5
3
3
8
4
4
5
8
8
14
15
3
10
5
10
662
5
7
12
7
8
11
18
3
11
23
5
3
4
13
13
4
5
2153
4
6
5
3
3
9
4
9
3
15
225
10
6
32
9
4
20
4
5
13
3
15
11
20
9
8
13
7
15
4
15
122
15
13
5
13
18
14
865
15
9
4
3
4
3
32
4
8
5
3
5
19
97
5
8
3
18
6
31
6
3
10
13
6
4
3
8
7
3
3
16
7
5
5
8
3
8
3
6
9
5
5
4
4
15
15
13
105
5
5
12
12
3
3
4
6
4
10
12
14
14
9
3
3
4
3
3
4
8
7
5
8
13
5
10
12
4
12
9
3
15
14
5
4
10
11
17
9
12
7
5
53
5
15
149
6
3
14
9
4
26
13
35
3
18
3
5
4
3
13
9
4
8
3
8
3
12
10
26
6
6
10
10
10
6
5
13
39
7
5
4
4
12
21
7
20
22
11
4
31
15
6
3
5
14
9
8
9
6
9
8
4
3
5
6
3
8
4
12
13
5
19
5
3
4
29
3
53
4
3
17
12
9
14
10
3
12
18
11
11
13
13
3
9
13
47
33
16
26
5
6
13
76
32
3
18
11
4
17
17
3
12
4
4
3
15
10
8
19
401
32
5
13
3
14
3
4
10
13
9
5
3
37
62
7
11
4
29
16
3
23
7
9
4
4
13
22
12
10
7
5
4
3
7
5
6
10
11
3
8
4
4
6
6
10
7
3
4
3
9
6
3
12
11
3
40
4
12
3
5
3
12
7
12
12
13
8
71
7
11
3
3
6
14
15
6
9
57
3
11
9
3
5
12
4
7
12
4
4
6
3
3
8
4
9
11
22
51
4
15
9
17
3
7
15
5
12
9
8
8
26
25
9
5
3
14
3
4
13
4
5
12
4
13
308
3
6
8
10
4
6
7
7
3
10
10
5
47
11
4
6
6
11
3
7
3
3
7
3
3
4
8
3
13
5
5
4
6
4
3
4
3
15
6
6
23
5
4
148
3
11
4
3
8
17
4
3
11
5
3
11
8
3
8
4
7
4
3
22
4
6
8
12
86
6
13
7
7
3
4
2614
12
5
3
7
8
7
3
8
10
8
21
5
10
12
11
92
7
4
3
380
8
10
7
8
9
18
17
61
19
23
26
6
29
33
15
6
4
6
17
19
15
96
4
7
3
3
14
11
9
5
4
10
3
4
7
9
4
4
3
5
4
7
5
22
6
3
6
9
10
3
3
4
4
3
4
7
4
12
3
244
13
3
11
5
10
3
5
13
6
9
196
12
15
4
4
19
3
7
6
11
3
10
6
10
5
11
16
530
8
8
12
13
16
4
6
337
15
147
4
3
13
11
7
274
4
9
741
185
7
823
7
8
22
25
8
18
6
3
5
4
7
5
9
19
4
10
5
6
7
4
7
47
13
69
8
147
3
8
6
4
4
5
6
10
7
9
7
5
838
6
13
327
511
9
16
4
106
4
9
12
16
3
4
9
390
343
11
8
4
29
391
4
22
5
9
10
11
14
5
5
4
10
16
12
3
71
6
19
15
14
8
6
7
3
5
9
6
5
3
5
3
3
3
9
7
7
4
83
4
3
11
9
6
5
4
6
3
4
7
8
4
9
9
11
9
8
17
8
9
13
6
3
5
14
4
6
6
6
7
6
3
5
3
4
3
3
4
6
4
3
4
5
3
5
23
4
3
10
54
19
3
3
4
3
13
9
10
4
4
9
8
5
3
50
17
11
4
43
22
223
11
3
12
15
7
12
9
4
3
10
9
5
67
8
30
7
10
11
10
34
38
25
83
4
14
8
4
9
7
7
5
28
138
9
4
3
9
6
13
7
7
4
6
6
9
5
3
3
4
6
5
12
3
17
90
7
3
3
3
4
8
5
3
5
75
3
3
3
162
11
3
5
3
6
25
41
8
12
3
3
15
11
11
9
13
18
13
7
11
3
3
3
120
25
4
3
8
5
3
3
29
3
3
15
4
11
6
11
3
3
13
15
8
29
37
4
14
3
4
3
5
27
7
9
14
12
132
3
4
3
9
12
183
10
7
4
30
37
3
4
3
11
7
22
5
6
3
3
3
3
4
12
3
11
12
5
4
7
9
17
13
8
10
9
10
4
18
4
7
3
9
21
25
4
6
3
159
3
4
12
36
17
13
14
19
21
8
22
10
11
7
5
19
9
7
5
9
3
42
7
8
24
45
6
10
11
3
5
37
5
4
19
4
10
12
7
14
4
21
11
4
10
3
5
4
3
10
3
4
8
7
15
6
5
7
3
6
10
3
11
6
3
3
23
9
7
5
4
30
5
10
5
66
4
53
3
18
18
8
11
17
5
14
286
45
4
12
4
9
5
8
3
4
3
6
11
3
3
32
3
4
3
7
3
3
6
12
6
5
22
32
5
6
43
11
39
5
8
10
3
5
3
4
4
8
9
16
3
18
9
3
29
22
4
8
3
12
5
12
3
9
18
89
3
5
12
3
23
11
39
27
3
4
58
5
3
8
17
3
3
6
9
9
10
10
12
5
11
10
3
17
7
12
11
11
46
8
3
3
4
5
21
6
316
3
13
3
40
8
14
4
5
4
11
3
18
9
6
11
7
17
3
148
10
3
3
6
75
14
7
3
17
3
3
5067
33
4
8
11
103
5
3
4
9
17
6
12
3
7
7
7
6
19
3
4
5
5
112
3
7
3
4
5
8
3
3341
4
18
15
5
10
3
9
4
19
6
4
8
3
12
8
9
6
9
4
4
6
5
5
3
3
4
5
13
3
6
3
4
4
3
3
3
10
51
264
7
9
18
18
3
4
7
4
12
14
4
50
4
4
3
5
4
7
3
45
145
8
8
5
17
6
325
8
8
7
15
3
3
4
13
5
6
3
6
27
9
9
11
9
6
21
26
13
24
10
4
7
7
6
9
4
4
3
8
31
7
4
5
8
5
3
3
6
3
11
5
5
3
5
10
3
23
7
4
3
8
4
5
3
3
3
5
6
7
21
24
3
10
6
9
20
7
11
11
8
6
11
6
12
4
3
3
4
3
9
5
58
4
13
5
3
9
169
4
320
44
6
7
6
3
10
23
4
10
24
79
16
14
9
5
6
5
8
4
14
49
4
5
20
122
5
5
3
10
12
16
3
3
6
138
29
5
13
3
3
9
15
27
8
8
3
8
89
4
5
3
7
54
8
35
3
5
6
488
4
7
3
28
3
16
6
6
10
8
8
16
4
9
4
12
25
4
4
4
13
28
7
35
6
21
4
80
4
19
3
6
6
6
13
3
25
16
6
3
4
3
14
61
7
489
3
123
4
11
11
4
41
9
16
4
5
54
64
9
17
72
6
12
7
3
13
3
16
437
153
12
3
10
4
3
18
14
5
3
5
14
9
4
3
5
12
9
4
25
10
3
3
35
3
5
87
87
5
3
3
12
3
19
5
13
7
7
5
18
6
119
3
8
7
8
4
31
3
3
6
6
9
10
16
4
3
3
5
5
18
62
14
11
16
4
4
21
15
20
4
4
3
21
8
4
15
3
3
9
5
13
3
10
108
31
7
6
28
3
12
8
6
3
12
20
8
3
10
8
21
3
4
139
27
8
9
45
22
13
59
199
7
6
36
5
3
5
8
45
3
6
4
11
6
13
9
6
9
2018
8
4
3
7
5
5
12
3
4
17
5
5
14
13
6
5
4
59
4
4
3
53
3
154
66
13
185
4
122
26
3
13
7
3
3
11
39
8
3
60
129
72
3
8
10
7
3
15
130
3
19
21
5
6
4
21
106
16
65
8
11
11
6
11
5
5
12
15
13
4
4
6
4
3
5
6
14
3
4
15
6
6
6
55
3
84
31
4
4
13
253
3
6
164
7
15
5
22
9
8
21
65
5
8
15
15
5
4
4
5
11
4
7
258
3
23
18
4
4
9
4
4
1058
6
4
5
20
8
11
15
4
13
3
3
27
4
6
13
11
12
17
7
11
3
3
5
59
14
20
4
4
3
27
16
6
39
5
32
62
5
4
9
10
5
4
25
9
4
16
11
82
3
3
74
3
7
4
15
12
6
15
110
236
6
3
102
31
3
58
6
34
6
57
4
24
4
3
18
3
41
3
139
9
343
3
13
4
24
3
24
10
8
3
5
12
3
7
8
5
4
91
10
4
3
161
113
9
11
68
150
206
3
10
12
6
3
6
9
16
3
7
4
62
33
4
3
5
3
4
3
5
4
3
5
3
13
38
6
14
5
15
28
3
6
11
4
5
5
4
5
9
4
11
9
15
111
5
11
6
6
3
6
6
13
4
4
23
45
9
8
13874
12
9
3
5
8
12
4
4
4
3
54
17
116
13
63
3
14
14
177
13
6
3
5
6
16
7
6
3
10
13
664
6
126
6
4
3
4
12
6
3
8
3
3
62
11
5
3
31
35
21
3
3
24
3
3
5
7
5
26
3
8
62
8
13
7
19
6
9
3
35
24
119
30
4
4
6
145
9
731
4
9
3
3
8
7
3
13
170
7
12
20
5
3
4
4
4
3
3
29
5
4
3
7
4
9
26
43
12
3
38
7
3
6
10
4
20
8
101
12
4
5
8
7
3
16
75
6
15
37
5
3
8
11
4
4
3
14
722
4
3
8
8
58
19
38
33
3
18
6
4
3
13
5
3
17
19
68
4
3
5
6
7
5
13
10
3
3
3
3
22
3
3
12
95
8
13
94
9
3
9
3
5
46
56
7
7
3
70
33
5
12
5
5
5
3
45
12
3
3
5
3
4
27
3
9
21
81
3
3
7
6
4
7
4
32
20
18
15
5
6
3
6
131
3
9
6
16
3
13
16
3
3
6
9
6
6
9
4
4
6
9
9
3
7
3
3
36
4
3
384
45
3
36
47
16
8
16220
50
4
3
1517
8
31
192
12
296
22
10
12
3
3
3
3
13
11
29
7
19
6
19
3
70
4
6
118
5
4
7
3
13
7
4
4
3
3
15
325
5
8
11
8
9
8
5
13
3
3
3
4
13
8
4
4
4
6
36
4
21
4
3
4
16
6
116
45
4
10
85
3
132
3
16
6
4
7
4
3
4
4
11
37
3
4
3
9
5
3
598
6
4
38
5
3
4
12
3
12
7
135
3
6
22
3
50
12
9
5
4
10
5
4
7
12
6
9
5
11
4
8
26
26
23
3
35
3
3
7
32
6
3
11
4
4
48
19
4
4
4
8
5
5
7
5
19
6
3
12
4
3
4
4
11
12
18
52
9
17
8
4
5
8
39
3
5
6
4
85
3
4
14
205
8
3
3
4
11
14
3
3
84
4
19
4
3
4
4
3
4
3
140
32
3
4
4
4
6
59
5
6
3
5
3
53
11
6
3
6
3
4
3
80
9
3
23
5
12
5
6
4
41
3
7
11
3
9
4
5
7
4
4
8
6
4
5
7
3
24
3
7
19
19
9
4
12
10
8
459
3
4
13
15
13
6
10
5
19
13
13
9
7
8
3
7
6
5
13
4
3
7
302
6
10
23
41
5
4
103
39
4
4
7
74
14
5
20
4
37
9
33
173
35
5
7
5
12
9
3
8
5
8
3
3
3
44
4
3
4
3
4
4
6
47
41
20
7
3
7
11
5
4
4
3
19
14
9
4
29
3
14
5
9
9
55
7
3
3
31
10
3
3
8
7
16
3
4
4
4
3
21
8
65
9
5
10
4
5
4
15
9
26
12
3
13
3
8
8
6
4
236
4
3
10
4
15
6
12
6
20
10
26
17
3
6
3
15
3
4
12
7
3
12
3
5
8
3
13
5
6
19
5
245
6
3
7
4
5
50
8
3
7
7
6
7
7
22
237
3
18
5
46
3
14
3
13
129
12
3
16
17
4
6
24
8
5
37
3
3
3
31
8
8
4
63
8
3
24
4
9
4
17
10
16
114
74
290
3
7
3
3
4
3
7
9
5
3
4
11
18
4
3
7
3
232
4
7
6
4
20
5
13
5
6
5
6
5
6
3
6
26
11
4
7
3
19
3
4
6
39
3
3
5
3
6
7
3
6
15
10
3
7
10
4
12
11
111
3
3
5
7
45
4
5
4
3
3071
43
23
13
3
8
18
153
65
4
3
52
3
5
4
8
3
4
12
4
4
3
21
20
16
7
15
4
9
6
4
8
24
3
4
6
3
14
72
8
3
5
7
13
9
18
4
13
4
9
5
8
3
11
4
20
10
5
15
4
4
12
3
8
3
3
26
7
6
17
3
3
10
5
9
6
303
8
7
8
5
6
4
3
5
30
5
3
4
21
61
20
5
4
10
16
4
3
8
34
5
9
9
9
3
3
3
7
13
4
7
7
24
8
5
73
3
3
20
3
21
9
103
31
17
5
7
7
3
10
4
3
4
4
25
6
6
7
7
40
4
4
3
6
5
15
3
218
11
9
11
6
3
16
4
3
12
4
24
8
9
8
12
50
29
4
3
17
14
20
10
4
60
4
3
5
4
3
11
4
4
19
3
3
3
5
4
3
7
7
3
66
3
41
173
6
14
5
3
10
6
3
4
7
26
12
14
6
4
55
4
5
4
5
18
25
25
8
20
9
23
7
6
3
22
7
4
4
12
56
6
4
4
5
15
7
4
12
3
3
3
54
15
5
7
6
13
9
3
5
3
84
11
3
3
4
4
10
8
52
7
8
14
14
39
3
3
39
5
3
6
7
28
5
8
9
4
4
198
3
3
3
700
3
28
397
3
7
4
112
7551
3
57
14
3
14
54
7
8
13
10
3
3
253
3
3
4
5
7
9
3
3
21
9
4
3
24
13
5
9
3
4
10
6
3
10
5
59
14
4
18
9
14
3
4
14
11
9
6
4
12
5
31
3
16
11
3
14
83
5
15
4
6
9
3
7
9
7
3
4
3
4
22
46
3
88
4
21
6
4
17
8
17
11
4
4
28
9
4
33
3
15
5
27
7
11
3
21
24
17
5
3
8
4
9
5
3
7
6
7
5
4
21
3
4
4
3
20
3
13
71
222
8
10
45
4
8
11
3
3
4
256
5
3
3
8
3
9
43
6
9
7
6
5
3
4
54
3
10
5
11
56
29
18
3
90
17
4
6
10
4
12
3
5
3
369
15
5
4
11
12
6
24
27
16
6
3
7
9
4
8
43
16
9
36
6
11
5
8
6
3
66
41
16
13
51
9
3
3
137
28
47
6
5
9
68
3
5
1336
4
3
11
27
5
5
7
3
34
8
6
35
3
3
7
10
5
9
6
9
14
4
24
26
9
23
10
3
7
5
4
3
3
3
18
11
26
3
22
3
5
7
4
4
6
3
5
8
4
13
7
31
3
24
10
3
9
5
5
19
560
7
3
3
32
4
7
18
1136
6
13
4
10
9
11
6
5
9
4
34
9
3
5
3
1600
3
13
7
3
110
3
5
9
6
138
6
15
7
3
3
17
12
3
12
6
4
11
3
3
4
13
3
12
21
13
3
4
12
15
3
14
19
652
13
8
144
3
7
7
14
81
17
7
3
4
34
654
3
4
3
59
4
3
5
10
6
3
42
5
25
9
7
4
6
10
7
9
4
70
6
23
4
11
60
3
21
7
28
4
9
7
8
15
10
4
3
15
116
10
1103
44
27
12
5
36
6
21
12
7
16
12
5
3
24
579
11
8
11
21
5
42
30
30
84
4
3607
12
10
12
262
4
30
4
5
6
8
12
12
3
3
8
22
35
11
18
48
9
16
10
9
13
10
12
9
640
3
4
12
24
5
7
5
13
13
11
3
4
11
3
4
8
1916
2343
39
3
6
4
11
15
5
12
11
3
8
3
13
16814
10
15
11
24
854
23
178
38
41
4
11
12
3
23
13
36
15
6
8
12
12
5
11
4
3
6
7
3
7
16
3
5
3
5
24
7
31
3
15
18
17
7
16
4
3
4
5
4
9
7
9
3
3
4
3
13
58
3
12
3
24
6
3
8
8
8
65
7
5
304
10
394
5
13
9
19
33
20
6
14
13
17
4
5
24
3
6
3
10
3
3
479
14
5
3
5
6
4
3
8
6
32
3
5
3
4
3
4
4
4
6
3
9
4
11
3
26
2243
13
3
7
60
3
18
3
49
3
8
4
8
306
985
43
4
43
3
5
20
5
5
67
4
4
14
7
3
6
16
3
129
16
3
13
5
31
32
4
32
35
3
5
9
12
7
3
3
11
6
9
4
6
3
11
15
11
4
31
4
3
11
4
6
4
13
18
3
7
5
231
36
4
5217
6
21
7
4
4
19
29
10
49
4
6
5
9
3
9
8
3
16
4
4
748
32
3
4
3
81
7
3
3
3
5
3
11
17
3
18
707
4
22
15
32
29
3
6
12
3
703
4
3
8
14
3
3
14
10
3
3
18
6
12
7
5
12
59
5
4
10
64
3
17
5
7
5
5
3
13
3
3
5
8
14
5
7
3
26
11
3
3
53
7
82
7
4
24
4
5
3
3
4
23
4
3
4
56
21
40
5
10
20
5
3
5
3
8
335
5
9
12
3
7
10
72
14
15
5
3
4
21
5
9
3
231
4
6
13
16
3
6
29
76
3
3
62
7
3
5
22
75
6
6
7
28
3
3
89
3
5
27
24
9
8
4
4
3
3
24
17
5
110
3
5
6
7
5
4
33
4
4
6
26
7
13
7
4
9
4
5
3
3
5
4
3
834
4
11
6
13
9
17
6
3
19
11
4
12
10
4
4
16
38
5
4
13
3
122
4
8
3
12
5
3
7
99
19
8
77
4
3
22
12
4
52
6
4
29
4
3
3
3
4
4
145
3
5
3
10
7
3
10
3
14
9
3
4
9
7
8
5
27
11
3
110
3
11
8
5
3
68
27
11
5
15
46
10
3
5
4
4
514
10
5
15
41
29
4
6
3
3
4
11
3
4
10
4
11
3
3
4
3
329
3
667
14
15
9
97
289
15
391
3
16
8
3
9
3
4281
6
5
5
3
3
8
1737
35
3
3
14
5
16
3
6
13
3
3
5
4
6
10
3
3
4
4
40
3
3
4
8
3
5
124
3
4
3
7
12
4
3
3
36
5
5
6
40
7
42
4
3
12
4
20
130
15
7
6
322
108
7
19
4
5
14
11
6
10
12
9
4
4
4
4
7
4
7
215
5
9
16
5
6
6
522
3
3
7
1683
9
10
7
3
3
4
3
5
4
28
3
33
3
11
16
6
13
4
4
9
7
12
17
6
34
122
7
9
5
15
4
4
10
6
3
6
5
3
3
6
7
6
3
25
3
49
209
9
25
6
922
3
5
16
266
9
4
8
130
5
3
11
6
6
4
15
7
10
5
191
22
3
156
58
3
53
30
115
4
12
5
4
6
4
7
19
45
115
114
117
4
8
4
177
4
5
8
7
6
11
8
6
11
4
3
5
5
3
9
154
17
3
4
11
4
7
6
4
6
264
13
17
358
174
5
3
3
5
8
3
588
4
35
57
3
8
7
13
31
154
3
4
10
13
7
4
4
16
3
10
3
9
13
46
82
4
3
12
325
190
5
8
3
473
8
71
6
3
7
3
24
65
5
6
18
228
11
4
119
1037
40
3
5
4
11
3
40
4
5
3
3
13
26
3
3
6
24
81
7
11
11
13
6
11
213
5
4
3
122
23
3
4
11
34
8
854
14
4
5
4
20
4
225
25
3
3
36
156
8
3
6
16
4
6
7
88
8
4
281
8
5
57
6
8
10
23
6
299
3
4
21
3
3
11
10
21
7
5
11
6
3
3
4
28
18
4
232
12
8
3
6
10
3
4
28
3
16
28
39
17
6
6
10
33
36
58
21
8
7
5
4
17
18
7
10
28
438
5
5
12
15
24
12
39
9
12
15
9
124
3
22
4
3
55
7
8
7
4
5
6
6
29
10
4
11
4
6
38
58
17
38
116
5
5
3
4
5
68
13
12
9
3
5
62
12
9
4
20
12
25
6
3
5
5
5
23
10
3
3
3
17
5
16
6
7
6
13
146
4
8
10
3
100
4
6
44
7
40
21
7
4
3
11
7
12
105
4
48
12
18
14
3
4
3
5
22
38
13
3
5
4
5
4
73
21
7
7
4
4
90
4
17
3
4
3
3
6
8
3
11
4
6
49
27
3
11
3
8
6
6
3
3
69
19
13
5
53
15
4
2845
4
9
11
25
6
20
6
5
7
8
6
12
4
3
3
13
4
10
4
11
10
7
4
3
5
18
32
3
7
10
3
5
331
3
33
10
7
7
4
6
20
16
12
19
5
4
7
11
6
5
46
16
4
8
5
3
4
94
3
4
3
28
10
4
8
252
11
275
4
9
4
32
4
7
3
6
10
3
9
13
28
21
6
3
3
11
792
11
166
3
3
8
49
5
12
4
36
11
19
4
7
17
4
34
4
8
5
4
6
6
4
6
14
5
5
236
5
3
3
30
6
3
10
3
3
10
8
3
3
31
8
10
38
9
3
11
21
3
127
5
4
1052
9
3
3
37
4
11
7
5
4
4
5
9
5
10
11
13
8
14
5
12
14
13
9
9
10
7
5
11
3
10
10
10
13
9
13
3
16
12
3
5
9
11
10
28
3
10
9
3
5
5
52
3
6
3
4
8
53
11
13
7
16
38
12
7
9
10
159
4
5
30
9
98
18
5
27
5
4
6
13
4
3
177
10
5
3
4
3
18
3
6
12
17
11
81
14
3
14
4
6
40
31
10
8
5
11
11
3
3
3
6
7
16
6
4
5
14
5
14
18
24
57
5
4
12
5
3
4
5
14
231
5
4
10
3
12
5
20
7
3
7
4
3
464
7
5
9
5
3
10
6
3
3
58
15
4
11
7
3
12
4
3
3
6
37
5
8
21
5
3
4
8
4
4
27
3
4
3
18
5
5
3
49
4
188
28
10
8
12
7
24
3
52
5
4
21
4
9
11
53
28
17
3
4
5
4
7
10
6
4
6
14
4
130
11
19
17
31
6
33
9
7
13
12
4
3
208
18
16
27
56
39
3
79
18
36
10
9
10
8
10
8
7
6
6
3
28
87
4
12
4
3
8
7
3
5
11
31
3
641
91
18
4
26
24
5
4
7
13
3
124
20
671
4
29
16
4
14
16
31
5
15
4
4
28
7
11
5
3
8
18
4443
196
5
918
17
9
6
19
27
11
300
8
12
23
22
5
19
4
4
27
3
6
5
13
121
4
458
8
14
3
3
14
7
7
15
11
9
4
4
4
4
7
8
37
7
40
8
7
5
430
4
31
14
12
67
71
7
13
5
3
8
3
6
12
36
8
4
3
54
13
15
7
14
76
1319
9
5
15
9
4
9
4
3
17
5
90
14
5
15
25
8
12
6
5
4
11
6
4
3
6
3
10
4
14
5
13
12
13
46
32
7
20
13
5
3
24
269
4
40
23
33
9
4
70
20
4
4
4
6
4
31
14
12
6
4
4
6
6
3
4
10
23
190
18
12
94
6
18
5
25
6
4
9
4
8
63
6
5
3
14
6
5
5
5
27
5
3
7
3
14
11
3
7
4
5
9
13
4
4
7
79
6
24
4
3
6
6
8
15
3
5
16
7
13
106
29
14
6
4
12
9
6
578
7
6
7
4
55
5
4
9
7
4
4
10
4
9
10
8
3
19
3
4
1298
10
8
13
19
12
3
20
3
10
14
12
8
4
3
3
14
5
3
35
4
22
4
19
28
22
4
5
5
13
13
6
9
13
14
7
4
6
21
7
4
5
5
4
5
48
11
3
6
3
6
15
85
5
3
20
3
15
5
3
20
6
6
31
6
20
7
3
43
6
7
5
5
8
3
4
59
17
8
34
6
8
5
22
7
7
6
5
7
4
13
20
34
9
6
4
12
3
6
8
3
17
3
8
3
52
4
3
11
4
98
6
3
6
18
6
14
12
3
7
10
16
4
3
3
12
29
4
7
5
3
78
3
27
11
17
3
8
3
4
9
8
3
19
3
4
3
11
36
10
3
3
9
11
60
4
7
3
89
36
7
50
19
4
9
9
4
5
67
19
14
30
8
3
3
11
12
5
26
8
3
9
4
4
3
4
7
13
5
3
8
5
5
13
18
7
21
9
3
7
4
5
3
33
19
6
15
3
19
59
11
43
15
19
16
21
14
97
17
14
11
19
9
12
9
6
14
16
6
7
6
14
5
16
7
34
29
3
6
8
29
4
9
72
8
4
19
28
3
7
5
1211
24
7
6
5
15
4
12
21
4
5
6
10
6
7
9
12
3
7
3
12
5
4
4
11
6
66
9
13
19
11
28
3
3
3
25
10
10
45
9
10
15
13
8
28
15
24
39
12
14
18
19
7
12
9
23
10
11
9
11
28
10
4
3
8
62
10
11
16
16
12
4
7
13
3
27
33
6
42
18
6
97
4
7
15
15
7
10
4
13
4
4
4
12
4
7
6
12
3
6
9
13
100
4
11
11
36
32
12
20
11
12
17
24
8
18
8
7
5
13
7
14
3
4
3
3
14
3
5
6
10
13
3
4
4
11
7
57
13
266
4
5
10
32
31
5
4
8
21
3
5
13
5
5
5
13
5
14
5
5
18
14
13
3
325
38
6
3
3
4
20
12
3
4
20
45
8
4
13
6
8
6
4
336
23
26
16
16
12
18
18
14
6
17
5
3
10
15
20
9
4
3
13
5
4
12
8
5
6
5
22
11
35
10
7
7
27
11
5
10
9
13
9
10
4
6
12
14
3
77
13
8
147
14
3
10
5
10
146
17
13
100
9
11
7
15
15
4
11
211
4
2785
17
11
3
5
27
14
8
27
36
14
4
4
15
3
146
23
4
7
13
10
12
12305
84
40
13
164
20
6
4
5
30
6
40
8
4
3
114
237
7
19
21
4
4
303
4
4
78
19
58
23
3
4
4
3
28
3
22
3
18
13
7
6
5
33
30
4
16
4
3
6
15
3
5
68
9
5
6
6
3
3
4
34
6
4
17
17
3
4
9
64
5
80
22
8
4
31
4
119
16
29
3
9
10
4
9
33
3
3
4
8
9
7
4
4
10
10
3
3
3
8
5
71
4
6
8
13
11
3
25
47
4
9
9
13
5
7
474
47
5
3
4
13
11
3
8
3
5
57
7
4
22
3
27
34
17
11
14
19
18
20
3
4
38
4
208
3
6
5
8
5
8
8
7
5
3
3
266
49
105
15
404
12
4
13
5
3
3
3
7
5
11
157
182
11
90
92
11
4
58
3
4
7
5
5
5
65
47
3
21
4
64
7
4
10
16
9
6
3
5
9
4
12
18
5
22
6
4
3
40
10
3
3
6
5
8
3
5
4
5
328
3
10
1005
6
156
13
8
8
12
3
5
16
8
12
7
10
8
8
3
159
3
13
14
4
3
211
3
14
3
3
4
3
9
6
107
8
4
3
3
21
34
5
17
46
4
4
3
4
6
25
5
11
3
3
11
4
3
8
42
17
20
8
45
3
3
3
7
523
89
5
14
27
21
6
20
3
6
6
13
7
15
7
8
11
9
8
12
10
15
5
5
5
5
5
5
4
3
65
5
100
4
8
8
7
4
4
4
302
5
4
3
71
4
9
11
13
3
184
7
7
7
3
4
6
6
3
5
13
30
5
5
4
5
21212
3
5
3
9
6
13
12
3
39
15
7
9
5
5
6
3
4
5
6
4
6
4
113
5
4
40
39
5
3
8
5
13
29
9
44
5
6
21
6
7
8
3
3
21
94
63
6
11
5
3
11
10
4
8
3
32
6
3
6
13
3
3
9
3
5
9
7
4
54
18
3
107
8
3
3
4
13
12
3
10
24
8
3
5
7
8
71
3
3
3
4
428
6
42
3
12
3
4
7
6
58
10
3
7
10
7
13
4
398
7
136
5
16
10
12
9
12
4
12
3
9
10
7
10
7
11
124
48
74
5
24
7
4
51
152
12
6
7
17
5
3
3
3
95
3
23
4
15
55
3
19
5
6
12
5
3
5
34
4
4
51
6
11
4
13
236
6
7
8
7
7
8
3
73
6
3
8
11
18
4
3
12
3
6
3
16
12
12
5
17
12
4
99
7
99
12
5
54
3
12
3
4
5
23
10
7
4
3
17
3
12
8
8
3
3
4
7
3
4
5
8
11
8
5
5
4
8
4
4
13
14
10
67
3
19
17
10
3
3
7
4
4
9
3
5
4
8
3
5
4
11
4
4
4
5
3
6
11
3
12
15
16
13
11
3
8
12
6
19
10
14
8
7
4
5
8
14
13
85
3
3
7
29
26
16
16
6
16
34
10
8
10
6
4
10
10
46
5
12
19
21
4
189
73
17
11
11
16
3
17
25
6
11
10
3
15
5
62
4
9
14
107
6
9
8
36
10
4
4
3
4
3
5
6
3
14
6
33
6
4
11
24
10
16
6
7
15
4
43
3
6
21
58
9
14
10
421
5
6
9
12
9
3
16
3
4
7
4
3
5
4
7
6
411
10
10
47
7
12
11
10
4
132
3
298
7
36
7
4
5
4
5
6
16
5
5
6
5
36
4
3
153
18
40
6
3
3
5
9
4
9
18
3
60
3
5
4
3
4
17
7
8
10
13
6
12
7
8
8
7
13
6
11
6
13
7
12
4
3
4
4
4
4
5
4
9
8
7
5
15
7
8
12
22
5
5
4
3
9
6
17
6
12
184
3
10
7
14
11
9
5
10
10
9
9
7
16
13
11
8
11
55
11
5
44
10
5
190
504
25
4
4
11
22
26
4
176
21
17
6
7
25
3
7
4
5
597
4
6
9
22
8
10
22
6
30
9
9
6
12
4
10
8
3
11
3
5
11
6
7
4
3
11
3
4
7
4
3
4
8
8
46
27
66
18
4
4
20
3
17
11
6
7
6
3
274
28
91
6
3
15
3
8
3
6
3
9
5
5
4
25
12
3
6
4
4
21
4
3
3
1456
6
11
10
6
5
23
12
8
8
3
22
4
6
5
3
10
4
12
3
6
4
4
7
25
7
7
6
3
3
4
10
4
3
3
3
3
3
27
3
6
34
12
29
9
71
4
7
35
4
3
3
3
9
13
5
3
6
10
46
8
16
3
5
71
1633
18
5
5
14
3
15
3
16
3
13
4
5
6
138
9
3
4
3
7
4
8
15
3
6
17
9
83
8
3
3
7
4
4
3
11
5
11
8
4
4
8
303
29
25
14
18
3
18
3
11
22
9
601
10
6
7
4
11
16
45
6
27
6
10
33
27
413
159
14
7
198
5
6
7
18
3
5
6
259
9
17
22
7
6
11
3
9
39
5
3
8
4
18
46
6
5
9
3
14
8
14
14
9
3
7
26
314
457
11
5
422
3
6
5
3
257
15
8
16
452
8
62
13
4
4
48
6
4
4
5
5
9
9
15
14
40
3736
13
31
144
4
41
20
10
20
5
7
4
16
662
3
5
8
10
6
4
5
21
16
8
18
8
9
12
10
4
23
3
3
3
10
11
76
8
13
11
8
12
7
13
11
10
8
3
4
4
4
3
4
6
13
207
171
19
10
3
46
5
11
15
56
184
5
3
4
7
49
7
13
15
7
3
4
16
4
11
6
4
3
14
6
5
4
4
8
5
7
27
6
434
6
26
5
10
3
66
4
1013
25
4
3
15
4
15
3
18
37
6
7
83
4
4
4
5
3
8
6
5
17
3
5
20
19
8
4
8
3
30
12
7
3
141
9
25
5
89
7
58
29
6
35
6
5
117
16
7
6
12
396
26
3
6
26
158
3
3
7
4
6
5
3
3
4
9
6
12
15
171
3
4
141
6
13
5
18
4
109
42
15
12
32
3
9
7
5
10
3
30
14
7
6
7
11
3
3
136
6
6
7
10
86
3
12
4
45
3
23
128
28
3
16
18
7
297
6
13
10
3
13
4
4
6
4
6
208
5
7
12
3
2133
4
24
3
5
8
3
13
7
3
114
6
3
49
7
3
30
12
11
61
6
4
4
11
15
37
5
6
3
5
121
8
37
3
3
34
9
2576
3
3
3
3
9
8
20
13
8
3
3
8
14
4
4
7
3
11
9
6
6
269
10
182
13
3
4
12
3
4
7
12
8
3
4
4
16
12
13
33
4
4
3
4
11
3
19
35
3
10
50
3
4
60
5
7
7
14
7
8
4
5
11
4
8
31
21
50
10
5
45
4
5
6
9
8
7
3
12
44
7
6
574
29
3
17
26
54
4
23
4
11
4
21
12
61
14
3965
93
190
57
6
4
3
133
7
14
8
3
3
3
6
10
3
23
64
7
29
3
10
15
16
69
3
4
3
5
23
26
29
35
3
19
6
6
34
5
3
6
3
27
5
6
99
224
5
4
8
6
35
10
37
14
4
5
4
20
36
3
81
19
17
5
10
17
3
3
8
8
6
5
20
5
4
3
33
5
142
79
3
3
8
19
6
3
6
4
11
3
4
3
3
12
3
8
3
4
14
10
4
9
7
3
10
15
13
3
4
12
12
66
7
6
4
71
3
3
3
32
4
23
233
7
18
3
21
3
43
11
3
12
3
5
5
5
9
3
34
7
4
6
8
67
9
1461
11
12
33
6
61
7
6
7
13
14
23
8
31
11
3
6
11
9
5
5
19
42
4
5
13
8
12
3
82
4
4
6
4
3
73
4
237
5
125
182
3
6
4
112
4
3
5
22
5
3
3
10
26
18
5
7
9
3
5
16
10
6
41
28
12
6
6
10
5
3
14
3
5
8
3
9
11
3
5
4
105
3
48
4
4
15
3
7
4
8
5909
9
30
71
10
3
3
10
5
5
4
30
10
4
18
4
14
5
5
5
10
3
7
9
5
4
5
17
6
28
13
4
4
4
4
19
14
3
3
8
3
5
6
3
4
69
3
3
4
3
70
304
12
19
15
4
3
30
8
6
10
165
4
4
4
3
3
4
3
4
4
52
6
16
7
17
5
4
23
9
3
14
72
12
11
46
10
4
11
12
4
5
15
3
10
3
3
30
37
3
13
15
8
6
3
8
3
5
7
35
5
4
3
32
6
3
3
18
67
29
55
3
15
3
13
88
3
13
4
3
3
4
4
15
16
6
8
6
3
3
5
4
8
11
7
16
317
4
6
9
22
5
5
3
4
3
28
18
8
6
3
3
42
44
12
4
7
5
25
5
5
9
4
5
14
17
8
3
3
5
8
3
7
3
28
10
30
7
8
4
3
4
15
9
14
13
165
69
33
4
5
5
3
3
4
5
58
29
14
23
9
3
13
3
7
12
4
6
7
3
4
4
4
3
3
4
20
16
28
3
107
3
6
3
6
6
46
8
9
6
14
33
40
34
9
12
29
48
7
6
27
42
65
8
3
1247
9
11
104
3
4
13
4
9
4
5
195
9
4
8
4
45
22
8
13
3
139
3
76
26
10
4
3
6
3
26
4
4
3
134
35
12
4
12
7
4
60
10
3
3
6
8
9
79
15
4
5
3
5
43
6
7
3
14
6
3
7
13
3
18
3
4
3
7
6
13
3
16
5
15
3
6
3
4
13
4
5
5
5
3
10
108
4
7
47
6
3
3
3
3
11
8
7
3
28
6
3
5
4
28
11
60
13
10
5
3
91
7
6
3
19
25
3
7
240
7
5
13
6
3
22
4
4
6
3
4
4
6
116
7
15
5
3
4
178
6
7
3
5
5
3
326
3
7
5
36
12
4
3
10
5
22
36
35
15
17
149
8
7
3
5
9
4
4
29
3
67
4
7
99
10
10
3
17
3
65
4
4
17
9
15
7
5
31
11
16
28
23
5
3
4
4
4
12
3
4
12
3
31
4
14
12
5
5
3
9
4
4
4
13
8
13
9
11
4
4
3
19
82
50
5
3
6
3
9
6
5
15
10
152
7
23
20
4
9
7
83
78
3
123
5
7
6
3
6
6
131
22
20
5
10
3
9
4
25
4
4
6
21
4
4
7
7
18
3
12
6
25
7
29
29
4
4
18
15
7
4
3
5
41
7
4
16
6
28
5
8
45
33
3
12
10
3
3
21
5
29
29
10
5
3
4
205
7
66
4
11
7
3
12
3
3
4
25
4
5
17
11
3
6
9
3
6
3
3
4
6
3
3
25
7
7
13
4
7
3
6
3
13
8
12
6
42
69
4
12
10
8
3
37
7
22
7
67
20
7
21
558
7
4
20
5
4
11
4
4
12
16
6
64
4
6
3
374
9
8
48
3
178
72
10
7
15
59
12
6
5
83
3
6
6
19
67
3
12
9
3
3
4
7
6
39
4
9
4
25
7
47
8
311
5
14
4
4
3
37
46
3
11
37
3
4
5
66
4
15
12
6
14
13
6
4
3
283
23
6
31
4
10
3
14
4
11
18
62
26
8
3
9
4
10
3
7
9
9
4
6
121
4
4
3
3
1358
4
7
6
3
15
8
5
4
57
17
11
4
6
4
5
11
8
22
5
9
4
3
100
6
5
14
3
33
9
8
6
7
5
12
9
3
6
5
23
9
9
3
7
10
35
148
5
5
12
5
8
26
7
3
6
3
67
3
4
14
35
208
9
33
3
3
18
3
14
5
13
3
30
21
3
22
13
8
3
8
13
5
3
4
10
78
67
3
13
38
7
6
9
11
3
3
10
5
7
4
21
5
15
16
51
14
4
25
6
8
3
3
4
5
5
1622
4
3
11
7
4
13
4
5
3
5
6
8
12
95
4
96
6
15
34
79
37
9
4
59
3
23
51
3
48
9
5
73
9
8
4
36
3
3
7
3
146
24
36
4
201
20
11
3
15
6
5
35
4
138
4
4
65
56
7
3
30
3
3
48
4
4
3
3
218
24
17
155
3
9
18
3
3
6
5
7
15
3
4
4
9
5
6
5049
5
4
14
4
16
5
5
3
84
70
6
13
9
43
3
4
4
4
14
3
16
27
10
3
3
14
3
10
39
3
102
7
4
11
5
7
8
3
7
5
4
3
4
7
5
3
64
4
6
7
29
4
5
5
35
4
17
28
9
4
3
3
3
27
16
5
5
4
20
6
27
6
74
56
3
4
4
61
5
22
16
3
4
3
5
3
285
4
4
3
6
5
5
3
3
3
5
3
8
8
5
6
5
4
3
4
478
5
3
4
4
380
85
4
96
3
5
5
8
3
8
4
4
3
5
8
108
65
117
10
6
4
58
3
4
38
3
3
5
4
15
4
27
24
298
4
8
5
12
4
10
6
4
10
422
3
6
9
10
5
63
85
4
11
6
2186
27
3
74
4
3
5
7
3
10
8
107
7
8
6
31
5
6
5
780
5
3
16
37
18
4
5
5
11
4
48
4
3
3
3
11
6
249
4
77
54
135
9
3
22
3
10
3
58
4
3
6
13
4
3
8
5
3
10
16
3
6
8
3
6
5
6
3
11
8
4
5
10749
3
15
3
5
8
8
5
9
3
5
13
3
9
8
3
27
4
47
3
15
15
8
17
102
13
12
42
65
1540
22
5
21
8
3
3
9
3
5
3
11
8
11
5
7
5
5
11
17
39
3
4
8
3
122
4
3
7
9
5
10
5
5
3
3
6
7
4
4
58
9
6
6
3
104
4
17
3
3
5
3
14
3
4
13
40
4
3
15
13
12
10
13
5
4
4
7
4
6
7
6
8
5
3
10
13
9
3
12
167
13
3
5
16
3
11
7
3
13
3
19
3
4
8
9
3
8
21
9
6
5
7
3
5
5
3
10
7
4
14
10
3
21
6
12
4
8
12
4
10
4
3
4
4
9
8
18
4
8
3
3
8
614
10
4
4
6
3
9
440
5
14
5
3
32
5
4
9
4
3
5
5
13
9
5
11
3
3
17
10
7
6
18
6
9
134
18
10
5
3
7
3
3
8
4
3
4
10
4
10
4
8
6
6
14
16
5
3
8
4
7
5
29
7
9
4
5
4
38
33
23
6
3
3
3
3
4
31
5
3
5
52
5
3
4
28
3
10
8
6
7
27
3
26
16
6
257
4
13
3
3
5
5
8
8
4
19
12
5
3
214
5
4
3
3
7
4
6
3
3
16
6
142
5
26
3
12
5
3
6
3
28
16
8
40
12
13
4
3
3
